# artist_ids
11
5
1
59
16
33
18
19
43
48
93
37
15
49
27
25
52
44
13
240
2
60
42
14
82
53
200
6
112
107
317
101
210
285
104
29
88
94
78
71
38
63
109
54
10
272
121
81
493
39
83
36
41
73
106
136
233
412
132
45
97
69
283
140
126
153
213
205
202
28
35
270
155
127
237
116
248
21
160
334
195
242
111
393
262
239
100
280
108
434
115
438
183
142
149
131
331
324
328
346
204
457
255
196
458
186
91
252
105
164
378
387
199
337
128
453
373
338
74
150
347
316
166
3
214
409
120
154
207
298
103
370
232
0
95
394
356
397
8
275
295
359
211
170
349
323
296
141
163
416
281
301
422
246
7
31
212
32
426
420
58
340
133
96
404
98
4
168
175
124
9
65
30
66
218
46
181
450
223
311
162
436
125
57
72
345
492
273
51
460
12
421
339
271
325
161
480
294
396
180
114
315
484
290
102
440
456
68
489
313
151
47
478
90
277
341
306
34
244
227
471
417
314
61
20
497
143
384
335
182
256
455
433
355
178
464
263
452
158
415
459
395
408
84
250
86
310
358
448
75
260
305
371
399
276
431
327
203
446
442
220
372
62
473
379
236
494
320
424
56
145
367
134
110
264
40
435
129
475
419
498
297
169
307
462
291
172
177
364
267
50
422
302
361
351
85
348
259
312
289
383
490
369
437
292
247
137
407
266
368
354
152
157
449
231
192
321
226
482
350
329
234
230
284
410
336
282
26
476
253
159
376
491
119
299
189
411
229
385
76
222
451
274
156
194
258
225
427
439
388
216
217
77
118
243
495
167
402
468
365
254
400
390
179
148
445
332
488
447
130
326
79
430
190
319
67
138
117
322
330
235
465
333
268
486
64
70
362
377
374
24
188
300
474
342
146
191
381
215
357
470
293
257
389
55
80
467
197
309
251
318
139
113
22
185
443
414
418
87
303
261
173
481
171
469
221
363
413
122
286
23
487
287
198
17
278
209
99
479
147
472
360
89
405
249
352
343
392
463
135
206
224
193
423
485
123
176
380
375
454
466
304
228
201
92
496
401
461
219
366
391
425
382
308
174
429
269
265
398
238
208
288
477
187
144
428
344
483
241
184
444
353
165
403
279
245
441
386
432
