# tag_ids
0
3
1
4
5
6
9
7
13
10
12
14
11
8
15
21
16
18
17
38
19
29
30
22
35
28
36
26
23
34
25
27
32
33
2
46
51
39
56
50
31
49
52
24
57
78
41
43
48
59
47
65
81
37
45
20
44
61
55
40
74
63
60
62
101
70
80
53
64
103
95
42
58
77
67
75
105
79
73
94
96
87
111
86
71
76
85
93
68
121
92
108
126
84
109
83
104
107
131
69
114
100
112
125
124
106
128
116
110
88
123
102
132
147
98
175
97
133
117
138
130
89
129
113
142
66
82
120
161
156
118
54
162
191
150
119
99
151
171
176
153
164
137
115
136
127
169
159
173
157
135
154
122
149
190
180
158
185
152
174
184
183
163
243
224
235
198
141
199
139
244
193
189
187
214
210
168
209
242
194
212
181
205
146
166
155
148
240
292
195
230
269
218
177
160
165
257
238
201
144
172
280
170
262
207
140
249
247
248
276
297
217
220
178
241
233
272
203
202
200
283
274
288
245
266
188
219
222
325
332
252
275
90
270
223
239
231
302
267
236
295
261
227
211
221
339
268
72
323
196
263
254
246
258
393
343
329
208
296
298
251
215
237
204
305
250
358
182
179
307
390
314
291
340
397
225
278
277
331
289
213
320
411
287
311
395
299
264
346
479
409
426
361
186
348
321
279
324
350
319
336
216
253
318
285
364
333
353
416
417
357
306
197
458
322
229
400
192
294
378
308
316
293
385
271
394
317
450
334
265
356
273
303
206
365
344
167
228
383
376
281
435
422
255
388
373
412
430
326
462
143
342
465
260
451
341
328
377
362
407
434
387
313
448
354
439
367
447
403
437
315
467
432
232
399
347
445
475
301
351
372
424
286
380
381
327
457
442
431
338
304
379
330
402
440
363
345
418
405
470
449
419
398
468
427
466
471
284
429
91
469
410
300
455
413
360
460
392
408
310
391
428
415
420
335
374
444
461
312
359
441
433
414
370
352
456
473
401
436
453
366
384
472
371
386
404
396
423
368
425
477
389
438
459
452
282
290
446
369
463
234
464
443
349
309
134
256
478
259
226
476
406
474
375
145
454
382
337
421
355
